[np.array([[0.40912271, 0.40886536, 0.40871746, 0.40843887, 0.40841672,
        0.40825287, 0.40831045, 0.408386  , 0.40864286, 0.40905888,
        0.40960547, 0.4104228 , 0.41182193, 0.41358562, 0.41658362,
        0.42086434],
       [0.36874959, 0.36990958, 0.37124585, 0.37262149, 0.3742961 ,
        0.3759868 , 0.37793793, 0.38000958, 0.38230371, 0.38480305,
        0.38748907, 0.39045143, 0.39387694, 0.39762563, 0.40215386,
        0.40741184],
       [1.        , 1.05      , 1.1       , 1.15      , 1.2       ,
        1.25      , 1.3       , 1.35      , 1.4       , 1.45      ,
        1.5       , 1.55      , 1.6       , 1.65      , 1.7       ,
        1.75      ]]), np.array([[0.40249211, 0.38412281, 0.37088337, 0.35962309, 0.34917271,
        0.33907902, 0.32872654, 0.31767835, 0.30489989, 0.2874719 ],
       [0.40172739, 0.38232966, 0.36792237, 0.35544128, 0.34376374,
        0.33256845, 0.32130902, 0.30976806, 0.29725129, 0.28195956],
       [1.8       , 1.85      , 1.9       , 1.95      , 2.        ,
        2.05      , 2.1       , 2.15      , 2.2       , 2.25      ]]), np.array([[0.42816951, 0.43715529, 0.44562397, 0.45364819, 0.46168954,
        0.46990372, 0.47897937, 0.49173151],
       [0.41428344, 0.42131794, 0.42855646, 0.43617177, 0.44459818,
        0.45426046, 0.46635603, 0.4860221 ],
       [1.8       , 1.85      , 1.9       , 1.95      , 2.        ,
        2.05      , 2.1       , 2.15      ]]), np.array([[0.20271399, 0.19778971, 0.19814002, 0.19926957,
        0.20046711, 0.20197771, 0.203245  , 0.20475696, 0.20646432,
        0.20810972, 0.2097277 , 0.2114459 , 0.21324676, 0.21525264,
        0.21713633, 0.21914925, 0.2212646 , 0.2234399 , 0.22574602,
        0.22823281, 0.23085886, 0.23372478, 0.23699901, 0.24087719,
        0.24592602, 0.25398801],
       [0.13830967, 0.13947629, 0.14083855, 0.1426227 ,
        0.144559  , 0.1467482 , 0.14894841, 0.15137885, 0.15402374,
        0.15676584, 0.15959911, 0.16262353, 0.16582914, 0.16930929,
        0.17285529, 0.17666102, 0.18071466, 0.1850161 , 0.1896442 ,
        0.19468705, 0.20013236, 0.20615277, 0.21300388, 0.22102144,
        0.23114769, 0.24620718],
       [1.        , 1.05      , 1.1       , 1.15      ,
        1.2       , 1.25      , 1.3       , 1.35      , 1.4       ,
        1.45      , 1.5       , 1.55      , 1.6       , 1.65      ,
        1.7       , 1.75      , 1.8       , 1.85      , 1.9       ,
        1.95      , 2.        , 2.05      , 2.1       , 2.15      ,
        2.2       , 2.25      ]])]
