[np.array([[0.40891605, 0.40858118, 0.40853167, 0.40830256, 0.4082902 ,
        0.40846202, 0.40859709, 0.40905084, 0.40977596, 0.41090425,
        0.41275231, 0.41564921, 0.42062691],
       [0.37005319, 0.37149132, 0.37326043, 0.37506665, 0.37717688,
        0.37956139, 0.3820729 , 0.384943  , 0.38813995, 0.39174937,
        0.39596009, 0.40092557, 0.40711051],
       [1.        , 1.05      , 1.1       , 1.15      , 1.2       ,
        1.25      , 1.3       , 1.35      , 1.4       , 1.45      ,
        1.5       , 1.55      , 1.6       ]]), np.array([[0.39929868, 0.37930201, 0.36447806, 0.3515861 , 0.33905547,
        0.32629517, 0.31204638, 0.29350734],
       [0.39839243, 0.37711769, 0.36082609, 0.34645962, 0.33251421,
        0.31870701, 0.30412039, 0.28700508],
       [1.65      , 1.7       , 1.75      , 1.8       , 1.85      ,
        1.9       , 1.95      , 2.        ]]), np.array([[0.4294238 , 0.44001685, 0.45012055, 0.45994605, 0.4699486 ,
        0.48130349],
       [0.41523865, 0.42370614, 0.43271557, 0.44265153, 0.4542817 ,
        0.46970823],
       [1.65      , 1.7       , 1.75      , 1.8       , 1.85      ,
        1.9       ]]), np.array([[0.19772455, 0.19834962, 0.19972628, 0.20111234, 0.2028004 ,
        0.20441849, 0.20621629, 0.20813211, 0.2101791 , 0.21223194,
        0.21447536, 0.21669526, 0.21913518, 0.22161123, 0.22419422,
        0.22715934, 0.23019857, 0.23377372, 0.23785293, 0.24304067,
        0.25102455],
       [0.13957492, 0.14120962, 0.14330048, 0.14556322, 0.14810645,
        0.15079205, 0.15372966, 0.15690391, 0.1603043 , 0.16391966,
        0.16785225, 0.17198393, 0.17651803, 0.18133877, 0.18654519,
        0.19243406, 0.19878778, 0.20619935, 0.2147478 , 0.22539626,
        0.24084117],
       [1.        , 1.05      , 1.1       , 1.15      , 1.2       ,
        1.25      , 1.3       , 1.35      , 1.4       , 1.45      ,
        1.5       , 1.55      , 1.6       , 1.65      , 1.7       ,
        1.75      , 1.8       , 1.85      , 1.9       , 1.95      ,
        2.        ]])]
