[np.array([[0.40865027, 0.40849518, 0.40836261, 0.40841294, 0.40860731,
        0.4089072 , 0.40946088, 0.41079318, 0.41282215, 0.41628281,
        0.42276423],
       [0.37149441, 0.37343001, 0.37554754, 0.37799229, 0.38073554,
        0.38375035, 0.38714205, 0.39124461, 0.39599545, 0.40179181,
        0.40932419],
       [1.        , 1.05      , 1.1       , 1.15      , 1.2       ,
        1.25      , 1.3       , 1.35      , 1.4       , 1.45      ,
        1.5       ]]), np.array([[0.3886686 , 0.36944948, 0.35384885, 0.3391125 , 0.32385846,
        0.3058563 , 0.27153224],
       [0.38717185, 0.36632171, 0.34896893, 0.3325717 , 0.31613425,
        0.2981299 , 0.26983226],
       [1.55      , 1.6       , 1.65      , 1.7       , 1.75      ,
        1.8       , 1.85      ]]), np.array([[0.43464325, 0.44647471, 0.45813185, 0.46985069, 0.48377189],
       [0.41926298, 0.42936123, 0.44071653, 0.45417222, 0.47339739],
       [1.55      , 1.6       , 1.65      , 1.7       , 1.75      ]]), np.array([[0.19848159, 0.19982205, 0.20148389, 0.20338564,
        0.20538839, 0.20728509, 0.20947245, 0.21188531, 0.21441946,
        0.21702735, 0.21978646, 0.22289689, 0.22609064, 0.22965233,
        0.23371612, 0.23871853, 0.24553152, 0.26298158],
       [0.141255  , 0.14350614, 0.14609104, 0.14898781,
        0.15217548, 0.15551705, 0.15924723, 0.16334843, 0.16780789,
        0.17261378, 0.17787286, 0.18379878, 0.19026546, 0.19759663,
        0.20610458, 0.21653006, 0.23035125, 0.26114107],
       [1.        , 1.05      , 1.1       , 1.15      ,
        1.2       , 1.25      , 1.3       , 1.35      , 1.4       ,
        1.45      , 1.5       , 1.55      , 1.6       , 1.65      ,
        1.7       , 1.75      , 1.8       , 1.85      ]])]
