[np.array([[0.46607493, 0.46104338, 0.45586093, 0.45098365, 0.44650192,
        0.44244623, 0.43877828, 0.43540272, 0.4328022 , 0.43137607,
        0.43036804, 0.43129352, 0.43502094],
       [0.32579131, 0.33521294, 0.34270393, 0.34935796, 0.35544357,
        0.36113364, 0.3665481 , 0.37176153, 0.37706327, 0.3826537 ,
        0.38827518, 0.3944948 , 0.40156957],
       [1.        , 1.05      , 1.1       , 1.15      , 1.2       ,
        1.25      , 1.3       , 1.35      , 1.4       , 1.45      ,
        1.5       , 1.55      , 1.6       ]]), np.array([[0.39954277, 0.37989197, 0.36570041, 0.35318985, 0.3410956 ,
        0.32863487, 0.31442102, 0.29538928],
       [0.39804215, 0.37616359, 0.35940021, 0.34416187, 0.32960828,
        0.31557403, 0.30129944, 0.28525382],
       [1.65      , 1.7       , 1.75      , 1.8       , 1.85      ,
        1.9       , 1.95      , 2.        ]]), np.array([[0.4422573 , 0.45130486, 0.45904103, 0.46651864, 0.4743724 ,
        0.48358949],
       [0.41019855, 0.41831231, 0.42713524, 0.4372794 , 0.44964816,
        0.46635186],
       [1.65      , 1.7       , 1.75      , 1.8       , 1.85      ,
        1.9       ]]), np.array([[0.23863274, 0.23745901, 0.23628086, 0.23529781, 0.23432536,
        0.23348452, 0.23275433, 0.23226711, 0.23187962, 0.23162162,
        0.23157552, 0.23172548, 0.2321655 , 0.23277437, 0.23366326,
        0.23486861, 0.23649621, 0.23857987, 0.24145951, 0.24551686,
        0.25239286],
       [0.09571475, 0.10253263, 0.10831902, 0.11403419, 0.11918956,
        0.12420932, 0.12915228, 0.13429555, 0.13941425, 0.14453686,
        0.14988583, 0.15545455, 0.16143321, 0.16761683, 0.17418693,
        0.18130564, 0.18912478, 0.19778541, 0.20791358, 0.2202598 ,
        0.23788134],
       [1.        , 1.05      , 1.1       , 1.15      , 1.2       ,
        1.25      , 1.3       , 1.35      , 1.4       , 1.45      ,
        1.5       , 1.55      , 1.6       , 1.65      , 1.7       ,
        1.75      , 1.8       , 1.85      , 1.9       , 1.95      ,
        2.        ]])]
