[np.array([[0.41625527, 0.41545643, 0.41482069, 0.41400778, 0.41354509,
        0.41311474, 0.41294332, 0.41297363, 0.4131519 , 0.41390381,
        0.41539151, 0.41805294, 0.4229545 ],
       [0.36488357, 0.36691426, 0.36911403, 0.37131745, 0.3738575 ,
        0.37654063, 0.3795008 , 0.38270962, 0.38614246, 0.39004536,
        0.39449837, 0.39969424, 0.406036  ],
       [1.        , 1.05      , 1.1       , 1.15      , 1.2       ,
        1.25      , 1.3       , 1.35      , 1.4       , 1.45      ,
        1.5       , 1.55      , 1.6       ]]), np.array([[0.39931077, 0.37947025, 0.36475995, 0.35192213, 0.33960725,
        0.32680914, 0.31264239, 0.29391254],
       [0.39826216, 0.37694398, 0.36051319, 0.34592731, 0.33200244,
        0.31797946, 0.30350845, 0.28652614],
       [1.65      , 1.7       , 1.75      , 1.8       , 1.85      ,
        1.9       , 1.95      , 2.        ]]), np.array([[0.43168633, 0.44227085, 0.45216232, 0.46152165, 0.47103355,
        0.48189111],
       [0.41417836, 0.42252227, 0.43148446, 0.44139504, 0.45312635,
        0.46885667],
       [1.65      , 1.7       , 1.75      , 1.8       , 1.85      ,
        1.9       ]]), np.array([[0.21498347, 0.21228488, 0.21240337, 0.2127049 , 0.21338132,
        0.21388111, 0.21490978, 0.21574711, 0.2169665 , 0.21833115,
        0.21961696, 0.22129385, 0.22300309, 0.22494486, 0.22708948,
        0.22938074, 0.23205479, 0.23512678, 0.23884509, 0.2437153 ,
        0.25139001],
       [0.13288414, 0.13493426, 0.13734142, 0.13992092, 0.1428079 ,
        0.1456926 , 0.14899646, 0.1522836 , 0.15595743, 0.15986783,
        0.16387621, 0.16835952, 0.17305021, 0.17818853, 0.18375609,
        0.18974612, 0.19649954, 0.20411072, 0.21301839, 0.22409742,
        0.24009087],
       [1.        , 1.05      , 1.1       , 1.15      , 1.2       ,
        1.25      , 1.3       , 1.35      , 1.4       , 1.45      ,
        1.5       , 1.55      , 1.6       , 1.65      , 1.7       ,
        1.75      , 1.8       , 1.85      , 1.9       , 1.95      ,
        2.        ]])]
