[np.array([[0.43291388, 0.42994881, 0.42757915, 0.42560822, 0.42352048,
        0.42206793, 0.42074384, 0.41984503, 0.41926314, 0.41925881,
        0.42004538, 0.42225613, 0.42695681],
       [0.35524895, 0.35839827, 0.36160989, 0.36491657, 0.36809161,
        0.37158301, 0.37514686, 0.37896464, 0.38299418, 0.38737973,
        0.39223268, 0.39778925, 0.40439092],
       [1.        , 1.05      , 1.1       , 1.15      , 1.2       ,
        1.25      , 1.3       , 1.35      , 1.4       , 1.45      ,
        1.5       , 1.55      , 1.6       ]]), np.array([[0.39942525, 0.37966235, 0.36510371, 0.35246739, 0.34018029,
        0.3275879 , 0.31340155, 0.29454658],
       [0.39819624, 0.37665915, 0.36002037, 0.34527878, 0.33102139,
        0.31706059, 0.30263659, 0.28599558],
       [1.65      , 1.7       , 1.75      , 1.8       , 1.85      ,
        1.9       , 1.95      , 2.        ]]), np.array([[0.43568103, 0.44588619, 0.45491159, 0.46363222, 0.47249578,
        0.48266633],
       [0.41273303, 0.42091243, 0.42968446, 0.43969241, 0.45168831,
        0.46782454],
       [1.65      , 1.7       , 1.75      , 1.8       , 1.85      ,
        1.9       ]]), np.array([[0.22779011, 0.22678051, 0.22579232, 0.22503585, 0.22466012,
        0.22426476, 0.22418568, 0.22422986, 0.22453096, 0.22505955,
        0.22562187, 0.22648541, 0.22747921, 0.22870187, 0.23019456,
        0.23194555, 0.23411243, 0.23678028, 0.24008576, 0.24453265,
        0.25186016],
       [0.12085802, 0.12414565, 0.12731388, 0.13059701, 0.13418411,
        0.13768522, 0.14147255, 0.14535786, 0.14950479, 0.15390172,
        0.15838014, 0.16324931, 0.16834068, 0.17379831, 0.17975068,
        0.18618164, 0.1933561 , 0.20152501, 0.21092657, 0.22245591,
        0.23918716],
       [1.        , 1.05      , 1.1       , 1.15      , 1.2       ,
        1.25      , 1.3       , 1.35      , 1.4       , 1.45      ,
        1.5       , 1.55      , 1.6       , 1.65      , 1.7       ,
        1.75      , 1.8       , 1.85      , 1.9       , 1.95      ,
        2.        ]])]
