[np.array([[7.44921875, 7.4046875 , 7.34765625, 7.290625  , 7.22109375,
        7.1390625 , 7.05078125, 6.94375   , 6.81796875, 6.6671875 ,
        6.47890625, 6.240625  , 5.92109375],
       [1.        , 1.05      , 1.1       , 1.15      , 1.2       ,
        1.25      , 1.3       , 1.35      , 1.4       , 1.45      ,
        1.5       , 1.55      , 1.6       ]]), np.array([[22.54296875, 22.4484375 , 22.33515625, 22.215625  , 22.08359375,
        21.9453125 , 21.79453125, 21.63125   , 21.46171875, 21.2734375 ,
        21.06640625, 20.846875  , 20.60234375, 20.3390625 , 20.05078125,
        19.725     , 19.35546875, 18.9296875 , 18.42265625, 17.778125  ,
        16.82109375],
       [ 1.        ,  1.05      ,  1.1       ,  1.15      ,  1.2       ,
         1.25      ,  1.3       ,  1.35      ,  1.4       ,  1.45      ,
         1.5       ,  1.55      ,  1.6       ,  1.65      ,  1.7       ,
         1.75      ,  1.8       ,  1.85      ,  1.9       ,  1.95      ,
         2.        ]]), np.array([[ 6.4953125,  7.7828125,  8.7453125,  9.5890625, 10.4140625,
        11.2578125, 12.2015625, 13.4265625],
       [ 1.65     ,  1.7      ,  1.75     ,  1.8      ,  1.85     ,
         1.9      ,  1.95     ,  2.       ]]), np.array([[5.4703125, 4.9328125, 4.3578125, 3.7203125, 2.9703125, 1.9703125],
       [1.65     , 1.7      , 1.75     , 1.8      , 1.85     , 1.9      ]])]
