[array([[6.63, 6.53, 6.41, 6.29, 6.15, 5.99, 5.81, 5.59, 5.31, 4.93],
       [1.  , 1.05, 1.1 , 1.15, 1.2 , 1.25, 1.3 , 1.35, 1.4 , 1.45]]), array([[22.55, 22.47, 22.37, 22.27, 22.15, 22.03, 21.91, 21.77, 21.61,
        21.45, 21.29, 21.11, 20.91, 20.71, 20.49, 20.25, 19.99, 19.71,
        19.41, 19.07, 18.67, 18.23, 17.71, 17.01, 15.91],
       [ 1.  ,  1.05,  1.1 ,  1.15,  1.2 ,  1.25,  1.3 ,  1.35,  1.4 ,
         1.45,  1.5 ,  1.55,  1.6 ,  1.65,  1.7 ,  1.75,  1.8 ,  1.85,
         1.9 ,  1.95,  2.  ,  2.05,  2.1 ,  2.15,  2.2 ]]), array([[ 4.55,  5.51,  6.21,  6.81,  7.35,  7.85,  8.33,  8.83,  9.31,
         9.83, 10.37, 10.95, 11.63, 12.43, 13.67],
       [ 1.5 ,  1.55,  1.6 ,  1.65,  1.7 ,  1.75,  1.8 ,  1.85,  1.9 ,
         1.95,  2.  ,  2.05,  2.1 ,  2.15,  2.2 ]]), array([[4.33, 3.47, 2.47, 0.67],
       [1.5 , 1.55, 1.6 , 1.65]])]
