[np.array([[0.40820992, 0.40760052, 0.40710629, 0.40646942, 0.40609766,
        0.40556398, 0.40525842, 0.40476485, 0.40465976, 0.40452011,
        0.4049113 , 0.40541338, 0.40660716, 0.40851198, 0.41163076],
       [0.36791277, 0.36879453, 0.36984191, 0.37091604, 0.37226948,
        0.37362025, 0.37520663, 0.3767655 , 0.37863179, 0.38055441,
        0.38283648, 0.38523442, 0.38802927, 0.39117267, 0.39481586],
       [1.        , 1.05      , 1.1       , 1.15      , 1.2       ,
        1.25      , 1.3       , 1.35      , 1.4       , 1.45      ,
        1.5       , 1.55      , 1.6       , 1.65      , 1.7       ]]), np.array([[0.35727255, 0.32629337, 0.294388  ],
       [0.35612244, 0.32305358, 0.29104688],
       [1.75      , 1.8       , 1.85      ]]), np.array([[0.41696971, 0.42410552, 0.43065941, 0.43694966, 0.44306426,
        0.4489212 , 0.45445294, 0.46012497, 0.46563945, 0.47125775,
        0.47724287, 0.48403301, 0.49467257],
       [0.39899061, 0.40393185, 0.40882134, 0.41383815, 0.41907042,
        0.42451474, 0.4301694 , 0.43637675, 0.44304277, 0.45050029,
        0.45924696, 0.47026929, 0.48962651],
       [1.75      , 1.8       , 1.85      , 1.9       , 1.95      ,
        2.        , 2.05      , 2.1       , 2.15      , 2.2       ,
        2.25      , 2.3       , 2.35      ]]), np.array([[0.20007713, 0.20006744, 0.20173321, 0.20361077, 0.20563258,
        0.20775736, 0.20991989, 0.21229701, 0.21497843, 0.2175263 ,
        0.22039018, 0.22343009, 0.22669213, 0.23029743, 0.23440808,
        0.23940721, 0.24611456, 0.25913927],
       [0.14204804, 0.14379513, 0.1464255 , 0.14936704, 0.15260044,
        0.15610619, 0.15987464, 0.16401088, 0.16861793, 0.1734449 ,
        0.17882924, 0.18475047, 0.19130434, 0.19869122, 0.20721172,
        0.21747156, 0.23067344, 0.25320929],
       [1.        , 1.05      , 1.1       , 1.15      , 1.2       ,
        1.25      , 1.3       , 1.35      , 1.4       , 1.45      ,
        1.5       , 1.55      , 1.6       , 1.65      , 1.7       ,
        1.75      , 1.8       , 1.85      ]])]
