[np.array([[0.40968565, 0.41002435, 0.41037077, 0.41087772, 0.41150743,
        0.41240967, 0.41388556, 0.41583681, 0.41885201, 0.42423333],
       [0.37309393, 0.37558137, 0.37827375, 0.38132425, 0.38471329,
        0.38855609, 0.3930962 , 0.39828213, 0.4045712 , 0.41284092],
       [1.        , 1.05      , 1.1       , 1.15      , 1.2       ,
        1.25      , 1.3       , 1.35      , 1.4       , 1.45      ]]), np.array([[0.42173739, 0.40551928, 0.39369846, 0.38389253, 0.37512871,
        0.36707563, 0.35931068, 0.3516256 , 0.34391884, 0.33608878,
        0.32774852, 0.31881285, 0.30872062, 0.29655385, 0.27834522],
       [0.42088005, 0.40362645, 0.39055219, 0.37933856, 0.36905209,
        0.3594974 , 0.35023441, 0.3411375 , 0.33219628, 0.32343182,
        0.31446494, 0.30542586, 0.29593928, 0.2855617 , 0.27205078],
       [1.5       , 1.55      , 1.6       , 1.65      , 1.7       ,
        1.75      , 1.8       , 1.85      , 1.9       , 1.95      ,
        2.        , 2.05      , 2.1       , 2.15      , 2.2       ]]), np.array([[0.43527658, 0.45239254, 0.46921094, 0.49240178],
       [0.4253601 , 0.43999861, 0.45737991, 0.48831926],
       [1.5       , 1.55      , 1.6       , 1.65      ]]), np.array([[0.20270267, 0.19700705, 0.19801238, 0.19940507,
        0.20055297, 0.20201357, 0.20347298, 0.20493004, 0.20660968,
        0.20819633, 0.20993869, 0.21160854, 0.21352401, 0.21546487,
        0.21744554, 0.21953114, 0.22180909, 0.2241179 , 0.22653236,
        0.22918377, 0.23201346, 0.23525329, 0.23907738, 0.24403784,
        0.25231338],
       [0.13834151, 0.13924552, 0.14086138, 0.14276618,
        0.14469975, 0.14689093, 0.14920834, 0.15164289, 0.15430053,
        0.15705833, 0.16001923, 0.16306982, 0.16641271, 0.16993664,
        0.17363534, 0.17760444, 0.18193448, 0.18652105, 0.19145676,
        0.19692659, 0.20292046, 0.20980973, 0.21795551, 0.22836808,
        0.24491446],
       [1.        , 1.05      , 1.1       , 1.15      ,
        1.2       , 1.25      , 1.3       , 1.35      , 1.4       ,
        1.45      , 1.5       , 1.55      , 1.6       , 1.65      ,
        1.7       , 1.75      , 1.8       , 1.85      , 1.9       ,
        1.95      , 2.        , 2.05      , 2.1       , 2.15      ,
        2.2       ]])]
