[np.array([[0.40891605, 0.40858118, 0.40853167, 0.40830256, 0.4082902 ,
        0.40846202, 0.40859709, 0.40905084, 0.40977596, 0.41090425,
        0.41275231, 0.41564921, 0.42062691],
       [0.37005319, 0.37149132, 0.37326043, 0.37506665, 0.37717688,
        0.37956139, 0.3820729 , 0.384943  , 0.38813995, 0.39174937,
        0.39596009, 0.40092557, 0.40711051],
       [1.        , 1.05      , 1.1       , 1.15      , 1.2       ,
        1.25      , 1.3       , 1.35      , 1.4       , 1.45      ,
        1.5       , 1.55      , 1.6       ]]), np.array([[0.19754285, 0.19816473, 0.19961362, 0.20105283, 0.20276802,
        0.20441969, 0.20623373, 0.20820227, 0.21005185, 0.21214085,
        0.21441582, 0.21665478, 0.21911983, 0.22161095, 0.22420765,
        0.22709335, 0.230231  , 0.2337383 , 0.23782989, 0.24303496,
        0.25101798],
       [0.13947373, 0.14114361, 0.14325246, 0.14553203, 0.14809137,
        0.15079261, 0.15374371, 0.15693204, 0.16023374, 0.16386434,
        0.1678118 , 0.17195527, 0.17650348, 0.18133897, 0.18655835,
        0.19235889, 0.19882609, 0.20614951, 0.2147095 , 0.22537171,
        0.24082917],
       [1.        , 1.05      , 1.1       , 1.15      , 1.2       ,
        1.25      , 1.3       , 1.35      , 1.4       , 1.45      ,
        1.5       , 1.55      , 1.6       , 1.65      , 1.7       ,
        1.75      , 1.8       , 1.85      , 1.9       , 1.95      ,
        2.        ]]), np.array([[0.39929868, 0.37930201, 0.36447806, 0.3515861 , 0.33905547,
        0.32629517, 0.31204638, 0.29350734],
       [0.39839243, 0.37711769, 0.36082609, 0.34645962, 0.33251421,
        0.31870701, 0.30412039, 0.28700508],
       [1.65      , 1.7       , 1.75      , 1.8       , 1.85      ,
        1.9       , 1.95      , 2.        ]]), np.array([[0.4294238 , 0.44001685, 0.45012055, 0.45994605, 0.4699486 ,
        0.48130349],
       [0.41523865, 0.42370614, 0.43271557, 0.44265153, 0.4542817 ,
        0.46970823],
       [1.65      , 1.7       , 1.75      , 1.8       , 1.85      ,
        1.9       ]])]
