[np.array([[8.52283394e-01, 8.50726668e-01, 8.49472045e-01, 8.47907276e-01,
        8.46340309e-01, 8.44476631e-01, 8.42907976e-01, 8.41048035e-01,
        8.39189546e-01, 8.37333869e-01, 8.35480230e-01, 8.33347987e-01,
        8.31221860e-01, 8.28824621e-01, 8.26711580e-01, 8.24328320e-01,
        8.21682676e-01, 8.19047280e-01, 8.16421428e-01, 8.13538837e-01,
        8.10403454e-01, 8.07280504e-01, 8.03909046e-01, 8.00289641e-01,
        7.96429465e-01, 7.92326739e-01, 7.87730067e-01, 7.82644972e-01,
        7.77074597e-01, 7.70269440e-01, 7.61737496e-01, 7.48254728e-01],
       [7.97243031e-01, 7.96049880e-01, 7.95605065e-01, 7.94591417e-01,
        7.93674058e-01, 7.92284951e-01, 7.91548138e-01, 7.90364708e-01,
        7.89288534e-01, 7.88287170e-01, 7.87381060e-01, 7.86126425e-01,
        7.84967546e-01, 7.83513871e-01, 7.82542719e-01, 7.81301723e-01,
        7.79821863e-01, 7.78457080e-01, 7.77192116e-01, 7.75738739e-01,
        7.74129125e-01, 7.72624610e-01, 7.70997035e-01, 7.69243412e-01,
        7.67396306e-01, 7.65456644e-01, 7.63258746e-01, 7.60818910e-01,
        7.58134662e-01, 7.54750880e-01, 7.50342158e-01, 7.42817399e-01],
       [4.50000000e+02, 4.60000000e+02, 4.70000000e+02, 4.80000000e+02,
        4.90000000e+02, 5.00000000e+02, 5.10000000e+02, 5.20000000e+02,
        5.30000000e+02, 5.40000000e+02, 5.50000000e+02, 5.60000000e+02,
        5.70000000e+02, 5.80000000e+02, 5.90000000e+02, 6.00000000e+02,
        6.10000000e+02, 6.20000000e+02, 6.30000000e+02, 6.40000000e+02,
        6.50000000e+02, 6.60000000e+02, 6.70000000e+02, 6.80000000e+02,
        6.90000000e+02, 7.00000000e+02, 7.10000000e+02, 7.20000000e+02,
        7.30000000e+02, 7.40000000e+02, 7.50000000e+02, 7.60000000e+02]]), np.array([[6.21836385e-01, 6.20423890e-01, 6.19012003e-01, 6.17602596e-01,
        6.15869534e-01, 6.14467467e-01, 6.12748559e-01, 6.10729804e-01,
        6.08730155e-01, 6.06447471e-01, 6.04189400e-01, 6.01664050e-01,
        5.98595709e-01, 5.95574034e-01, 5.91759042e-01],
       [5.91357220e-01, 5.91135311e-01, 5.90980451e-01, 5.90896045e-01,
        5.90394931e-01, 5.90462007e-01, 5.90130019e-01, 5.89410368e-01,
        5.88792571e-01, 5.87808186e-01, 5.86952342e-01, 5.85752118e-01,
        5.83711800e-01, 5.81833466e-01, 5.78551732e-01],
       [4.50000000e+02, 4.60000000e+02, 4.70000000e+02, 4.80000000e+02,
        4.90000000e+02, 5.00000000e+02, 5.10000000e+02, 5.20000000e+02,
        5.30000000e+02, 5.40000000e+02, 5.50000000e+02, 5.60000000e+02,
        5.70000000e+02, 5.80000000e+02, 5.90000000e+02]]), np.array([[4.01312679e-01, 4.02125778e-01, 4.02779494e-01, 4.04004247e-01,
        4.05852598e-01, 4.08340846e-01],
       [3.79150620e-01, 3.80889512e-01, 3.82580150e-01, 3.84529325e-01,
        3.86721250e-01, 3.89132092e-01],
       [4.50000000e+02, 4.60000000e+02, 4.70000000e+02, 4.80000000e+02,
        4.90000000e+02, 5.00000000e+02]]), np.array([[2.31884194e-01, 2.34578544e-01, 2.37906311e-01, 2.41576808e-01,
        2.46118864e-01, 2.52815318e-01, 2.67789695e-01],
       [2.01408217e-01, 2.07090787e-01, 2.13847541e-01, 2.21268790e-01,
        2.30073088e-01, 2.42018496e-01, 2.64755867e-01],
       [4.50000000e+02, 4.60000000e+02, 4.70000000e+02, 4.80000000e+02,
        4.90000000e+02, 5.00000000e+02, 5.10000000e+02]]), np.array([[5.88244674e-01, 6.01754786e-01, 6.12514083e-01, 6.21466581e-01,
        6.30010758e-01, 6.37427204e-01, 6.44929421e-01, 6.52123757e-01,
        6.58964964e-01, 6.66066638e-01, 6.73027961e-01, 6.80105214e-01,
        6.87208607e-01, 6.94826273e-01, 7.02752457e-01, 7.11960889e-01,
        7.24049777e-01],
       [5.87444185e-01, 6.00444829e-01, 6.10581204e-01, 6.18890389e-01,
        6.26654349e-01, 6.33372765e-01, 6.40062930e-01, 6.46475756e-01,
        6.52613335e-01, 6.58981239e-01, 6.65325933e-01, 6.71903434e-01,
        6.78710906e-01, 6.86245989e-01, 6.94509868e-01, 7.04739706e-01,
        7.19668197e-01],
       [6.00000000e+02, 6.10000000e+02, 6.20000000e+02, 6.30000000e+02,
        6.40000000e+02, 6.50000000e+02, 6.60000000e+02, 6.70000000e+02,
        6.80000000e+02, 6.90000000e+02, 7.00000000e+02, 7.10000000e+02,
        7.20000000e+02, 7.30000000e+02, 7.40000000e+02, 7.50000000e+02,
        7.60000000e+02]]), np.array([[5.86930120e-01, 5.81969726e-01, 5.77013178e-01, 5.72058809e-01,
        5.65312350e-01, 5.57280293e-01, 5.45380756e-01, 5.25171131e-01,
        5.16276551e-01, 5.16728855e-01],
       [5.74357093e-01, 5.67769704e-01, 5.61590998e-01, 5.55868025e-01,
        5.47888743e-01, 5.39289019e-01, 5.28142981e-01, 5.13829810e-01,
        5.09305519e-01, 5.10152581e-01],
       [6.00000000e+02, 6.10000000e+02, 6.20000000e+02, 6.30000000e+02,
        6.40000000e+02, 6.50000000e+02, 6.60000000e+02, 6.70000000e+02,
        6.80000000e+02, 6.90000000e+02]]), np.array([[2.91511844e-01],
       [2.89506033e-01],
       [5.10000000e+02]]), np.array([[4.11481081e-01, 4.16035292e-01, 4.21063866e-01, 4.25077069e-01,
        4.29481727e-01, 4.33573551e-01, 4.37932020e-01, 4.41941995e-01,
        4.45617108e-01, 4.49464897e-01, 4.53827562e-01, 4.60340629e-01,
        4.66534316e-01, 4.73094998e-01, 4.79811222e-01, 4.86672097e-01,
        4.95565132e-01, 5.02067783e-01, 5.05885847e-01],
       [3.91068380e-01, 3.94222193e-01, 3.97653410e-01, 4.00773502e-01,
        4.04169298e-01, 4.07549999e-01, 4.11202941e-01, 4.14837759e-01,
        4.18454879e-01, 4.22338619e-01, 4.26767563e-01, 4.33126873e-01,
        4.39992168e-01, 4.48175971e-01, 4.57918523e-01, 4.69718536e-01,
        4.87765027e-01, 5.01653925e-01, 5.08651481e-01],
       [5.10000000e+02, 5.20000000e+02, 5.30000000e+02, 5.40000000e+02,
        5.50000000e+02, 5.60000000e+02, 5.70000000e+02, 5.80000000e+02,
        5.90000000e+02, 6.00000000e+02, 6.10000000e+02, 6.20000000e+02,
        6.30000000e+02, 6.40000000e+02, 6.50000000e+02, 6.60000000e+02,
        6.70000000e+02, 6.80000000e+02, 6.90000000e+02]])]
