[np.array([[0.40889762, 0.4089103 , 0.40869829, 0.40825645, 0.40887936,
        0.40919202, 0.40979813, 0.4112716 , 0.41286904, 0.41647752,
        0.4228909 ],
       [0.37136158, 0.37338329, 0.3754559 , 0.37757699, 0.38061634,
        0.38364493, 0.38707522, 0.39126345, 0.39575857, 0.40164241,
        0.40914468],
       [1.        , 1.05      , 1.1       , 1.15      , 1.2       ,
        1.25      , 1.3       , 1.35      , 1.4       , 1.45      ,
        1.5       ]]), np.array([[0.19905618, 0.19991614, 0.20150329, 0.20365548, 0.20539244,
        0.2075625 , 0.21002343, 0.21208831, 0.21435876, 0.21727219,
        0.22018996, 0.22303679, 0.2262053 , 0.2298772 , 0.23390937,
        0.23874911, 0.24563171, 0.26295829],
       [0.1411796 , 0.14324619, 0.14581109, 0.14884107, 0.15190658,
        0.15540042, 0.15930079, 0.16321206, 0.16750901, 0.17255041,
        0.1779467 , 0.1836916 , 0.1901371 , 0.19762319, 0.20613049,
        0.2163401 , 0.23029279, 0.26087035],
       [1.        , 1.05      , 1.1       , 1.15      , 1.2       ,
        1.25      , 1.3       , 1.35      , 1.4       , 1.45      ,
        1.5       , 1.55      , 1.6       , 1.65      , 1.7       ,
        1.75      , 1.8       , 1.85      ]]), np.array([[0.38875787, 0.36972964, 0.35410706, 0.33918127, 0.32392643,
        0.30596681, 0.27173007],
       [0.38701051, 0.36637698, 0.34900402, 0.33235778, 0.31593049,
        0.298011  , 0.26980557],
       [1.55      , 1.6       , 1.65      , 1.7       , 1.75      ,
        1.8       , 1.85      ]]), np.array([[0.43485814, 0.44648313, 0.45810969, 0.4700753 , 0.48380807],
       [0.41914258, 0.4291351 , 0.44047029, 0.45415675, 0.47321418],
       [1.55      , 1.6       , 1.65      , 1.7       , 1.75      ]])]
